34627 赵48 38 35 81
57588 赵65 43 7 16
43832 赵78 98 97 12
73631 赵11 42 79 25
92796 赵54 53 19 19
93441 赵97 37 6 19
64599 赵11 2 40 69
72621 赵9 54 15 13
78394 赵11 33 20 40
50252 赵67 99 0 67
21582 赵50 59 0 10
43009 赵30 71 58 56
3060 赵99 80 11 96
63834 赵91 36 77 36
47778 赵73 66 33 67
12809 赵76 39 19 9
60490 赵96 18 18 12
70091 赵94 76 58 58
69844 赵16 92 75 68
85010 赵40 50 66 84
130 赵42 12 31 42
52087 赵60 30 30 87
13485 赵14 78 79 6
34747 赵46 70 58 29
8110 赵23 84 60 97
44524 赵10 50 47 4
83845 赵33 61 79 2
37507 赵10 46 17 9
2791 赵97 20 52 85
67429 赵76 40 2 3
